-0.5707963267948966	0.	0.	0.9999999999	0.	1.0000000001	1.0000000001	0.9999999999	-0.5707963267948966	0.	0.	1.	0.	1.	0.	1.	0.	0.
-0.5707963267948966	-0.7853981633974483	0.2617993877991494	0.9999999999	0.7853981633974483	1.0000000001	1.851085368623891	-1.0520051322503383	0.6301234368315527	0.17414654508982777	-0.7497879036463734	-0.6383502803154814	-0.8578702163536663	-0.43378566360916426	0.2754790190567528	0.48345803615886895	-0.4996479736701972	0.7187629857475101
-0.5707963267948966	-0.39269908169872414	0.39269908169872414	0.9999999999	0.39269908169872414	1.0000000001	1.392699081698724	0.8278221922166396	-0.7913176007102589	4.5015824401417603e-11	0.7071067810740079	0.7071067812990872	0.369048184449538	-0.6571922998104656	0.6571922995777804	-0.9294102633145923	-0.26095647382080056	0.26095647379690357
-0.5707963267948966	0.	0.	0.9999999999	0.	1.0000000001	1.0000000001	0.9999999999	-0.5707963267948966	0.	0.	1.	0.	1.	0.	1.	0.	0.
-0.5707963267948966	0.39269908169872414	-0.39269908169872414	0.9999999999	-0.39269908169872414	1.0000000001	1.5388936154800517	-0.7169908605762236	0.607300918301277	-0.2545699513115312	-0.6838106973748184	0.6838106975216236	0.9670543624270792	-0.18000813887230593	0.18000813884511987	4.5016324001778685e-11	0.7071067812540712	0.7071067811190237
-0.5707963267948966	0.7853981633974483	-0.2617993877991494	0.9999999999	-0.7853981633974483	1.0000000001	2.004807581031285	-0.8982829198514273	0.3226790120252455	-0.28360848813875467	-0.7182783364920466	0.6353286210945229	0.9179292317069172	-0.3950295848398657	-0.03684498173689626	-0.27743855361791137	-0.5727371634768091	-0.7713624248943812
-0.5707963267948966	0.	0.	0.9999999999	0.	1.0000000001	1.0000000001	0.9999999999	-0.5707963267948966	0.	0.	1.	0.	1.	0.	1.	0.	0.
-0.5184364492350666	0.	0.	0.9958495600093418	0.	0.983546128687503	0.9958495600093418	0.983546128687503	-0.5184364492350666	0.	1.	0.	0.	0.	1.	1.	0.	0.
-0.5184364492350666	-0.7853981633974483	0.2617993877991494	0.9958495600093418	0.7853981633974483	0.983546128687503	1.84373933365089	-1.0159200931794916	0.6331399989903828	0.1802670990893863	-0.7530880642022504	-0.6327417644995507	-0.8498110808256758	-0.4431678782228692	0.28534778537310673	0.4953028365472924	-0.48627214527211765	0.7198711696134653
-0.5184364492350666	-0.39269908169872414	0.39269908169872414	0.9958495600093418	0.39269908169872414	0.983546128687503	1.3824576500969694	0.826289768890967	-0.7477881795261565	-0.0028837557401339975	0.7140489294743821	0.7000898587105228	0.38169908585688594	-0.646299961198587	0.6607587820155875	-0.9242821494591621	-0.26912912601796424	0.2706880524145049
-0.5184364492350666	0.	0.	0.9958495600093418	0.	0.983546128687503	0.9958495600093418	0.983546128687503	-0.5184364492350666	0.	1.	0.	0.	0.	1.	1.	0.	0.
-0.5184364492350666	0.39269908169872414	-0.39269908169872414	0.9958495600093418	-0.39269908169872414	0.983546128687503	1.5327981022434571	-0.6688019894458621	0.5969631266641847	-0.26133028109548284	-0.6870063956437915	0.6780329612394089	0.9652451323257547	-0.18389938087314445	0.18569559024357704	-0.0028842163566743517	0.7029958961893024	0.7111880561686954
-0.5184364492350666	0.7853981633974483	-0.2617993877991494	0.9958495600093418	-0.7853981633974483	0.983546128687503	2.0003752245969033	-0.8550919617741155	0.31567597663898994	-0.29000318996455976	-0.7198332864253992	0.6306648789685284	0.9129452183043258	-0.40577420865409475	-0.04333958890449135	-0.28710482090283074	-0.5631938665727391	-0.7748441717333887
-0.5184364492350666	0.	0.	0.9958495600093418	0.	0.983546128687503	0.9958495600093418	0.983546128687503	-0.5184364492350666	0.	1.	0.	0.	0.	1.	1.	0.	0.
-0.46607657167523686	0.	0.	0.9841089707776902	0.	0.9385919151182164	0.9841089707776902	0.9385919151182164	-0.46607657167523686	0.	1.	0.	0.	0.	1.	1.	0.	0.
-0.46607657167523686	-0.7853981633974483	0.2617993877991494	0.9841089707776902	0.7853981633974483	0.9385919151182164	1.8211531845653048	-0.9847891977253451	0.6202603273807126	0.1901940990015762	-0.7607375846868015	-0.6205679108283557	-0.8389813179438365	-0.45421107688900153	0.29967089577160555	0.5098397325103269	-0.4636492476821515	0.7246328879353828
-0.46607657167523686	-0.39269908169872414	0.39269908169872414	0.9841089707776902	0.39269908169872414	0.9385919151182164	1.354889176744884	0.8094940685380377	-0.7077589310622507	0.01124360275650671	-0.7326499418888771	-0.6805127802233245	0.39889543075438477	-0.6207733999250592	0.6749243078069987	-0.9169274871658759	-0.2790420194087391	0.2852709846513751
-0.46607657167523686	0.	0.	0.9841089707776902	0.	0.9385919151182164	0.9841089707776902	0.9385919151182164	-0.46607657167523686	0.	1.	0.	0.	0.	1.	1.	0.	0.
-0.46607657167523686	0.39269908169872414	-0.39269908169872414	0.9841089707776902	-0.39269908169872414	0.9385919151182164	1.5106292420614578	-0.6221785133672595	0.5681735855264733	-0.2704069800406586	-0.697008412833588	0.6641229837797313	0.9626801456136345	-0.18768090460844117	0.19499439809048064	-0.011269533557449751	0.6920658570429259	0.7217463869870343
-0.46607657167523686	0.7853981633974483	-0.2617993877991494	0.9841089707776902	-0.7853981633974483	0.9385919151182164	1.9811851863629089	-0.8138485471762478	0.28928767503400826	-0.29897359753651587	-0.7246099355967998	0.620930937553022	0.9065506105354983	-0.4188463273469142	-0.0522852235886675	0.297961035227408	0.5472734191447666	0.7821195728172309
-0.46607657167523686	0.	0.	0.9841089707776902	0.	0.9385919151182164	0.9841089707776902	0.9385919151182164	-0.46607657167523686	0.	1.	0.	0.	0.	1.	1.	0.	0.
-0.4137166941154069	0.	0.	0.9659954933067998	0.	0.8737177189207807	0.9659954933067998	0.8737177189207807	-0.4137166941154069	0.	1.	0.	0.	0.	1.	1.	0.	0.
-0.4137166941154069	-0.7853981633974483	0.2617993877991494	0.9659954933067998	0.7853981633974483	0.8737177189207807	1.7882367100541419	-0.9585424001586691	0.5963022082167038	0.20314097831424016	-0.77080206768094	-0.60381943939254	-0.8253661119680775	-0.4665750795790571	0.31792841384578313	0.526786981752807	-0.43378781399963795	0.7309744238215062
-0.4137166941154069	-0.39269908169872414	0.39269908169872414	0.9659954933067998	0.39269908169872414	0.8737177189207807	1.3160422071519633	0.7812535473524805	-0.6712992363922685	-0.024185261992570206	0.7581558460489229	0.6516247280484314	0.4201555116266502	-0.5837455834514291	0.6947736608786336	0.9071297697419585	0.2905870040156524	-0.30442531751664254
-0.4137166941154069	0.	0.	0.9659954933067998	0.	0.8737177189207807	0.9659954933067998	0.8737177189207807	-0.4137166941154069	0.	1.	0.	0.	0.	1.	1.	0.	0.
-0.4137166941154069	0.39269908169872414	-0.39269908169872414	0.9659954933067998	-0.39269908169872414	0.8737177189207807	1.4778478294086723	-0.5771009339888051	0.5252496226923078	-0.2814028277126483	-0.710626532777694	0.6448429106904087	0.9592787144796824	-0.19121814520805858	0.20789412904023494	-0.024429418771915068	0.6770860741852118	0.7354982336096562
-0.4137166941154069	0.7853981633974483	-0.2617993877991494	0.9659954933067998	-0.7853981633974483	0.8737177189207807	1.9519535563446253	-0.7747071085324135	0.24875007029996116	-0.30998300721070543	-0.7310895539779212	0.6077981567140297	0.8984387699941843	-0.4343699679980728	-0.06426902420832681	0.31099567812422246	0.5261471229282902	0.7914865085535806
-0.4137166941154069	0.	0.	0.9659954933067998	0.	0.8737177189207807	0.9659954933067998	0.8737177189207807	-0.4137166941154069	0.	1.	0.	0.	0.	1.	1.	0.	0.
-0.36135681655557716	0.	0.	0.9428503162535579	0.	0.7983440356374051	0.9428503162535579	0.7983440356374051	-0.36135681655557716	0.	1.	0.	0.	0.	1.	1.	0.	0.
-0.36135681655557716	-0.7853981633974483	0.2617993877991494	0.9428503162535579	0.7853981633974483	0.7983440356374051	1.7499891154021638	-0.9368768295397787	0.5667252494730031	0.21812094688101658	-0.7812982693486499	-0.5848044688992494	-0.8091228599701654	-0.4798206811817095	0.33925257756429855	0.5456587303484006	-0.3991805709489442	0.7368252314975691
-0.36135681655557716	-0.39269908169872414	0.39269908169872414	0.9428503162535579	0.39269908169872414	0.7983440356374051	1.2719225509917158	0.7462595512206082	-0.6383445668769365	-0.04027689681570279	0.7853088209083384	0.6177927058378503	0.4447586212744399	-0.5395742489788009	0.7148771913000319	-0.894744399471132	-0.3035616669517387	0.3275404921113189
-0.36135681655557716	0.	0.	0.9428503162535579	0.	0.7983440356374051	0.9428503162535579	0.7983440356374051	-0.36135681655557716	0.	1.	0.	0.	0.	1.	1.	0.	0.
-0.36135681655557716	0.39269908169872414	-0.39269908169872414	0.9428503162535579	-0.39269908169872414	0.7983440356374051	1.439946080773048	-0.5335037962162625	0.4733952507786017	-0.2938694756195422	-0.7246054681315669	0.6233679867084353	0.9549509064538944	-0.19435745120074638	0.22426312096650014	0.04134607069578505	-0.6611899097207868	-0.7490783708808024
-0.36135681655557716	0.7853981633974483	-0.2617993877991494	0.9428503162535579	-0.7853981633974483	0.7983440356374051	1.9175231913409532	-0.7378468175792743	0.20016116157371022	-0.32239482688653476	-0.737737475668626	0.5931315137394781	0.8882144631197709	-0.4524215845897494	-0.0799360826045261	0.3273173431116332	0.5010570095222533	0.8011274743178878
-0.36135681655557716	0.	0.	0.9428503162535579	0.	0.7983440356374051	0.9428503162535579	0.7983440356374051	-0.36135681655557716	0.	1.	0.	0.	0.	1.	1.	0.	0.
-0.3089969389957472	0.	0.	0.9160483166323761	0.	0.7209040463952164	0.9160483166323761	0.7209040463952164	-0.3089969389957472	0.	1.	0.	0.	0.	1.	1.	0.	0.
-0.3089969389957472	-0.7853981633974483	0.2617993877991494	0.9160483166323761	0.7853981633974483	0.7209040463952164	1.7104766820019686	-0.9192419041313109	0.5367206461611893	0.23419499311073388	-0.7907173136724996	-0.5656136800506232	-0.790620816709921	-0.4934693547055261	0.36250064848417723	0.5657485566811467	-0.36229011278953915	0.7407256204480457
-0.3089969389957472	-0.39269908169872414	0.39269908169872414	0.9160483166323761	0.39269908169872414	0.7209040463952164	1.2270303318755953	0.7095927725769443	-0.6086676804206927	0.05789351123515374	-0.8100056235055155	-0.5835573932753367	0.47186399254281775	-0.4929199221915889	0.7310091126984597	-0.8797685570071352	-0.3176804057477878	0.3536756224360172
-0.3089969389957472	0.	0.	0.9160483166323761	0.	0.7209040463952164	0.9160483166323761	0.7209040463952164	-0.3089969389957472	0.	1.	0.	0.	0.	1.	1.	0.	0.
-0.3089969389957472	0.39269908169872414	-0.39269908169872414	0.9160483166323761	-0.39269908169872414	0.7209040463952164	1.4012719613268771	-0.4912739945653146	0.41795745727028455	-0.3074579574473029	-0.7364819486854897	0.6025478766560848	0.9496098391628418	-0.19693894302765025	0.24383643305354075	-0.060915989423586	0.6471548438971744	0.759920950002676
-0.3089969389957472	0.7853981633974483	-0.2617993877991494	0.9160483166323761	-0.7853981633974483	0.7209040463952164	1.8819076977868807	-0.7034717794170415	0.14951950566200933	-0.3356237711945761	-0.743382683936286	0.5785662187103691	0.8753931109658839	-0.4729763032750633	-0.09990154059736436	-0.3479131867041009	-0.47294355029320245	-0.8094941709200001
-0.3089969389957472	0.	0.	0.9160483166323761	0.	0.7209040463952164	0.9160483166323761	0.7209040463952164	-0.3089969389957472	0.	1.	0.	0.	0.	1.	1.	0.	0.
-0.25663706143591725	0.	0.	0.8869220672339125	0.	0.6478102648311178	0.8869220672339125	0.6478102648311178	-0.25663706143591725	0.	1.	0.	0.	0.	1.	1.	0.	0.
-0.25663706143591725	-0.7853981633974483	0.2617993877991494	0.8869220672339125	0.7853981633974483	0.6478102648311178	1.6725083458559127	-0.9048665580798831	0.5104534828530858	0.2506321029998353	-0.7982075406495566	-0.5477666209217813	-0.7704327365104617	-0.5070773126757445	0.386401342495787	0.5861884914077393	-0.32517275565417814	0.7420550731053506
-0.25663706143591725	-0.39269908169872414	0.39269908169872414	0.8869220672339125	0.39269908169872414	0.6478102648311178	1.1840748331462034	0.675887692757333	-0.5818672552744215	0.07567955659788184	-0.8301015516411558	-0.552452729811423	0.5005381367831548	-0.4475540216205372	0.7410512609509086	-0.8624002425433308	-0.3326060908856432	0.38162679408942896
-0.25663706143591725	0.	0.	0.8869220672339125	0.	0.6478102648311178	0.8869220672339125	0.6478102648311178	-0.25663706143591725	0.	1.	0.	0.	0.	1.	1.	0.	0.
-0.25663706143591725	0.39269908169872414	-0.39269908169872414	0.8869220672339125	-0.39269908169872414	0.6478102648311178	1.3647279561111698	-0.45025115397210325	0.3636184684900483	-0.321950296076371	-0.7448878007439027	0.5843716036557977	0.9431887652610913	-0.1988140460978517	0.2662103081389964	-0.08211552801751432	0.6368792188296873	0.7665780460470362
-0.25663706143591725	0.7853981633974483	-0.2617993877991494	0.8869220672339125	-0.7853981633974483	0.6478102648311178	1.8479519390899344	-0.6717976484470964	0.10194097998627805	-0.3492138677738499	-0.7473497884524927	0.5652592044844933	0.8594344200780347	-0.49582970215463257	-0.12460089905927951	0.37339275855265386	0.4422908547113117	0.8154487400806851
-0.25663706143591725	0.	0.	0.8869220672339125	0.	0.6478102648311178	0.8869220672339125	0.6478102648311178	-0.25663706143591725	0.	1.	0.	0.	0.	1.	1.	0.	0.
-0.2042771838760875	0.	0.	0.8567043407183129	0.	0.5832158213869891	0.8567043407183129	0.5832158213869891	-0.2042771838760875	0.	1.	0.	0.	0.	1.	1.	0.	0.
-0.2042771838760875	-0.7853981633974483	0.2617993877991494	0.8567043407183129	0.7853981633974483	0.5832158213869891	1.637794299665657	-0.892833609016086	0.4906822875796464	-0.26695133753188527	0.803481434891224	0.5321226993608499	-0.7492664570694153	-0.5202991743872215	0.40974204744280446	0.6060831293647625	-0.289320502068408	0.7409162485614019
-0.2042771838760875	-0.39269908169872414	0.39269908169872414	0.8567043407183129	0.39269908169872414	0.5832158213869891	1.144433627827434	0.6485970884506562	-0.5573877380488739	-0.09279580384817188	0.8451371875206413	0.5264333510121407	0.5297613003400083	-0.4057597158836747	0.7447899150955679	-0.8430551010759826	-0.34799739544384434	0.41006817642200105
-0.2042771838760875	0.	0.	0.8567043407183129	0.	0.5832158213869891	0.8567043407183129	0.5832158213869891	-0.2042771838760875	0.	1.	0.	0.	0.	1.	1.	0.	0.
-0.2042771838760875	0.39269908169872414	-0.39269908169872414	0.8567043407183129	-0.39269908169872414	0.5832158213869891	1.3320272757086424	-0.4102321828133513	0.31384788533392527	-0.33720980692893066	-0.7493806599544287	0.5698404799566434	0.9356598798692293	-0.199864404888147	0.290851867557708	-0.10406793605166259	0.6312549771249104	0.7685616556535825
-0.2042771838760875	0.7853981633974483	-0.2617993877991494	0.8567043407183129	-0.7853981633974483	0.5832158213869891	1.817435455057246	-0.6430171355533476	0.06122465872531935	-0.3628467712405335	-0.7493972414004996	0.5538465447952542	0.8398374032668635	-0.5205113341039689	-0.15408143023504872	0.40375160268944027	0.4092330945202599	0.8182376902068739
-0.2042771838760875	0.	0.	0.8567043407183129	0.	0.5832158213869891	0.8567043407183129	0.5832158213869891	-0.2042771838760875	0.	1.	0.	0.	0.	1.	1.	0.	0.
-0.15191730631625733	0.	0.	0.826490306259243	0.	0.529319676684961	0.826490306259243	0.529319676684961	-0.15191730631625733	0.	1.	0.	0.	0.	1.	1.	0.	0.
-0.15191730631625733	-0.7853981633974483	0.2617993877991494	0.826490306259243	0.7853981633974483	0.529319676684961	1.6072754956944122	-0.8821801990009168	0.4787973799344536	0.28287918278541624	-0.8066121453964435	-0.5189953900041905	-0.7278586231237621	-0.532918869138665	0.43153134725109754	0.6246608621412393	-0.25568403511934973	0.737851259736033
-0.15191730631625733	-0.39269908169872414	0.39269908169872414	0.826490306259243	0.39269908169872414	0.529319676684961	1.1087423631954634	0.6297192144929549	-0.53456890106047	0.10887255018189168	-0.8555873990790893	-0.5060800039064679	0.5585043645237407	-0.3685059347329086	0.7431529121752519	-0.8223257521352618	-0.363556843703573	0.4377291157456535
-0.15191730631625733	0.	0.	0.826490306259243	0.	0.529319676684961	0.826490306259243	0.529319676684961	-0.15191730631625733	0.	1.	0.	0.	0.	1.	1.	0.	0.
-0.15191730631625733	0.39269908169872414	-0.39269908169872414	0.826490306259243	-0.39269908169872414	0.529319676684961	1.3041001730305306	-0.3709789533519745	0.27077145694939264	-0.35311749505572226	-0.7500947361877146	0.5591653793190834	0.9270519510425718	-0.20002098362530307	0.31712187905871037	-0.12602664303127653	0.6303566394137918	0.7660076973459328
-0.15191730631625733	0.7853981633974483	-0.2617993877991494	0.826490306259243	-0.7853981633974483	0.529319676684961	1.7913545304741092	-0.6172402659604688	0.02977841211430987	-0.37631156415422445	-0.7495746443719816	0.5445433492371551	0.8163142927830747	-0.5462326696200497	-0.1877787156144767	0.4382015313550032	0.37385521683450024	0.8174421660054974
-0.15191730631625733	0.	0.	0.826490306259243	0.	0.529319676684961	0.826490306259243	0.529319676684961	-0.15191730631625733	0.	1.	0.	0.	0.	1.	1.	0.	0.
-0.09955742875642759	0.	0.	0.7972181735575558	0.	0.48691306649331495	0.7972181735575558	0.48691306649331495	-0.09955742875642759	0.	1.	0.	0.	0.	1.	1.	0.	0.
-0.09955742875642759	-0.7853981633974483	0.2617993877991494	0.7972181735575558	0.7853981633974483	0.48691306649331495	1.5814264709618902	-0.8719900133736589	0.47513735370621535	0.2982752534427166	-0.8078460649019565	-0.5083469372447397	-0.7068734611954577	-0.5448432313435349	0.4510828783235842	0.6413749161303685	-0.22479009916266218	0.7335581969259176
-0.09955742875642759	-0.39269908169872414	0.39269908169872414	0.7972181735575558	0.39269908169872414	0.48691306649331495	1.0773054454916347	0.6199768224572455	-0.5127084566544355	0.12382257718336942	-0.8622291208202209	-0.49115060072166994	0.585859337515489	-0.33596394442207944	0.73749377264779	-0.800897500324218	-0.3790635451450671	0.463545060071265
-0.09955742875642759	0.	0.	0.7972181735575558	0.	0.48691306649331495	0.7972181735575558	0.48691306649331495	-0.09955742875642759	0.	1.	0.	0.	0.	1.	1.	0.	0.
-0.09955742875642759	0.39269908169872414	-0.39269908169872414	0.7972181735575558	-0.39269908169872414	0.48691306649331495	1.2814264762352354	-0.332225743538642	0.23537307859785161	-0.3695312218434202	-0.7474349662372648	0.5520757623087682	0.9174657615601325	-0.19928575320503772	0.34429894704222824	-0.1473202377400855	0.6337398202854221	0.7593882983933881
-0.09955742875642759	0.7853981633974483	-0.2617993877991494	0.7972181735575558	-0.7853981633974483	0.48691306649331495	1.7702044502397563	-0.5944163415903982	0.008785702645089044	-0.38946553525647953	-0.7480846260719498	0.5372950670555008	0.7890159493990228	-0.5719323437716941	-0.22438187480671312	0.4751530579101253	0.33654537046675864	0.8129986378685079
-0.09955742875642759	0.	0.	0.7972181735575558	0.	0.48691306649331495	0.7972181735575558	0.48691306649331495	-0.09955742875642759	0.	1.	0.	0.	0.	1.	1.	0.	0.
-0.04719755119659763	0.	0.	0.7696654123932398	0.	0.45593812786599625	0.7696654123932398	0.45593812786599625	-0.04719755119659763	0.	1.	0.	0.	0.	1.	1.	0.	0.
-0.04719755119659763	-0.7853981633974483	0.2617993877991494	0.7696654123932398	0.7853981633974483	0.45593812786599625	1.5604670368376656	-0.8614513903293757	0.47939034255435153	0.3130626824303451	-0.8074781334344749	-0.4999708200432234	-0.6868407197724625	-0.5560718378417078	0.46801061614218864	0.655928031518674	-0.19688365900836366	0.7286942035473561
-0.04719755119659763	-0.39269908169872414	0.39269908169872414	0.7696654123932398	0.39269908169872414	0.45593812786599625	1.0503062544623596	0.6192162593630983	-0.4911165247628184	0.13765506634617697	-0.8657992607998584	-0.4810849433391661	0.6111474848363213	-0.30798234700982335	0.729140333343698	-0.7794548315890204	-0.39438371407645567	0.486735710199891
-0.04719755119659763	0.	0.	0.7696654123932398	0.	0.45593812786599625	0.7696654123932398	0.45593812786599625	-0.04719755119659763	0.	1.	0.	0.	0.	1.	1.	0.	0.
-0.04719755119659763	0.39269908169872414	-0.39269908169872414	0.7696654123932398	-0.39269908169872414	0.45593812786599625	1.2642465462707693	-0.2936829298592094	0.2078423726510803	-0.3862702048272278	-0.7418848333543598	0.5480896121087366	0.9070891091922881	-0.19776187858498073	0.37159061796993814	0.16728621236513386	-0.6407005021203847	-0.749345173958713
-0.04719755119659763	0.7853981633974483	-0.2617993877991494	0.7696654123932398	-0.7853981633974483	0.45593812786599625	1.7541925970869254	-0.5742621176311214	-0.001524490393167821	-0.40220135311021016	-0.7451841582974018	0.5319160100795135	0.7587066434662464	-0.5964586257290885	-0.2619185693179261	0.5124434609949649	0.29822420762902563	0.8052726378485375
-0.04719755119659763	0.	0.	0.7696654123932398	0.	0.45593812786599625	0.7696654123932398	0.45593812786599625	-0.04719755119659763	0.	1.	0.	0.	0.	1.	1.	0.	0.
0.005162326363232217	0.	0.	0.7444568632785117	0.	0.4359372340994606	0.7444568632785117	0.4359372340994606	0.005162326363232217	0.	1.	0.	0.	0.	1.	1.	0.	0.
0.005162326363232217	-0.7853981633974483	0.2617993877991494	0.7444568632785117	0.7853981633974483	0.4359372340994606	1.5444899325643464	-0.8498759945313421	0.49094248570820276	0.32717681853945474	-0.8057858506368467	-0.49362383686756284	-0.6681403350148265	-0.5666618062177255	0.48216479558377195	0.6682393449481079	-0.1720568519051727	0.723776635140846
0.005162326363232217	-0.39269908169872414	0.39269908169872414	0.7444568632785117	0.39269908169872414	0.4359372340994606	1.0278940735349902	0.626811293733221	-0.4691489435270051	0.15033364867788657	-0.8668633269464049	-0.4753396327580987	0.6339640167463586	-0.2844077797229127	0.7191674633240203	-0.7586101894557022	-0.409463291673983	0.5068040974829325
0.005162326363232217	0.	0.	0.7444568632785117	0.	0.4359372340994606	0.7444568632785117	0.4359372340994606	0.005162326363232217	0.	1.	0.	0.	0.	1.	1.	0.	0.
0.005162326363232217	0.39269908169872414	-0.39269908169872414	0.7444568632785117	-0.39269908169872414	0.4359372340994606	1.2526790584897187	-0.2550357040941389	0.18791306934562635	-0.4031145883958354	-0.7339097650555236	0.5466946911929934	0.8962145391900969	-0.19569980789853947	0.39812194731358025	-0.18519753877073708	0.6504444956678632	0.7366300494065121
0.005162326363232217	0.7853981633974483	-0.2617993877991494	0.7444568632785117	-0.7853981633974483	0.4359372340994606	1.7433777121067875	-0.5562324249709094	-0.001588863394675455	-0.4144245185233591	-0.7411266759672605	0.5281889516228081	0.7267489397889347	-0.6188428415528825	-0.2981099058642853	0.5478031553052074	0.26031670639525456	0.7950766726606848
0.005162326363232217	0.	0.	0.7444568632785117	0.	0.4359372340994606	0.7444568632785117	0.4359372340994606	0.005162326363232217	0.	1.	0.	0.	0.	1.	1.	0.	0.
0.057522203923062065	0.	0.	0.7220809189419038	0.	0.4263566080782161	0.7220809189419038	0.4263566080782161	0.057522203923062065	0.	1.	0.	0.	0.	1.	1.	0.	0.
0.057522203923062065	-0.7853981633974483	0.2617993877991494	0.7220809189419038	0.7853981633974483	0.4263566080782161	1.5335310401194406	-0.8366896676408568	0.5091183584646011	-0.34053257638141476	0.8030025161892673	0.48910584071010765	-0.6510198353538815	-0.576699596276636	0.4935491359836119	0.6783883389319431	-0.15034804504239582	0.7191555651964942
0.057522203923062065	-0.39269908169872414	0.39269908169872414	0.7220809189419038	0.39269908169872414	0.4263566080782161	1.0102151870964813	0.6419643320726347	-0.4462197882259322	0.16166335443577096	-0.8657835222720709	-0.47358616153213434	0.6541715777723455	-0.2652891170115483	0.7082945935344086	-0.7388670426182334	-0.42431188642011863	0.5234834442226287
0.057522203923062065	0.	0.	0.7220809189419038	0.	0.4263566080782161	0.7220809189419038	0.4263566080782161	0.057522203923062065	0.	1.	0.	0.	0.	1.	1.	0.	0.
0.057522203923062065	0.39269908169872414	-0.39269908169872414	0.7220809189419038	-0.39269908169872414	0.4263566080782161	1.246783403127404	-0.21594046171887848	0.1751167895346586	-0.41981098946720474	-0.7239188764449368	0.5474488044093867	-0.8852609542023137	0.19356505988293804	-0.4229014194316728	-0.20017935979359958	0.6621737143070655	0.7221178546424464
0.057522203923062065	0.7853981633974483	-0.2617993877991494	0.7220809189419038	-0.7853981633974483	0.4263566080782161	1.7377529849814006	-0.5395579912454254	0.007764737207204386	-0.4260397829445876	-0.7361342133330225	0.525924446388548	0.6948448264120617	-0.6385280162605609	-0.3308664982417297	0.5793796428568408	0.2244735895621679	0.7835373871310511
0.057522203923062065	0.	0.	0.7220809189419038	0.	0.4263566080782161	0.7220809189419038	0.4263566080782161	0.057522203923062065	0.	1.	0.	0.	0.	1.	1.	0.	0.
0.10988208148289202	0.	0.	0.7029102948419209	0.	0.4267143113953774	0.7029102948419209	0.4267143113953774	0.10988208148289202	0.	1.	0.	0.	0.	1.	1.	0.	0.
0.10988208148289202	-0.7853981633974483	0.2617993877991494	0.7029102948419209	0.7853981633974483	0.4267143113953774	1.5276051309725234	-0.821412936507605	0.5333144932552742	0.35300672374671116	-0.7993122759756256	-0.4862984047519367	-0.6356243507138557	-0.5862824845333164	0.5022494729803416	0.6865624063180292	-0.13180566681333117	0.715024005489809
0.10988208148289202	-0.39269908169872414	0.39269908169872414	0.7029102948419209	0.39269908169872414	0.4267143113953774	0.9974250722663855	0.663884681009802	-0.42180306555599556	0.17117517751630884	-0.8627142047454136	-0.4758395312841805	0.6718774606112738	-0.2510308052051758	0.6968243772720549	-0.7206106691722003	-0.43898489241490923	0.5366679864745655
0.10988208148289202	0.	0.	0.7029102948419209	0.	0.4267143113953774	0.7029102948419209	0.4267143113953774	0.10988208148289202	0.	1.	0.	0.	0.	1.	1.	0.	0.
0.10988208148289202	0.39269908169872414	-0.39269908169872414	0.7029102948419209	-0.39269908169872414	0.4267143113953774	1.2465919568553976	-0.17602576875989953	0.16894049962469035	-0.4360795405258241	-0.7122572305701842	0.5500220648621997	0.8747939139001522	-0.1921291938139137	0.4447718303666145	-0.21111665623071801	0.6751118502773502	0.7068619009941429
0.10988208148289202	0.7853981633974483	-0.2617993877991494	0.7029102948419209	-0.7853981633974483	0.4267143113953774	1.7372914485619084	-0.5233414520555569	0.025556691213836524	-0.436944298338271	-0.7303883592423714	0.524988118754046	0.6646479723695913	-0.655430481286726	-0.35868364476965187	0.606071574135157	0.19220751515871387	0.7718377537681387
0.10988208148289202	0.	0.	0.7029102948419209	0.	0.4267143113953774	0.7029102948419209	0.4267143113953774	0.10988208148289202	0.	1.	0.	0.	0.	1.	1.	0.	0.
0.16224195904272187	0.	0.	0.6872245114823587	0.	0.43665820516456066	0.6872245114823587	0.43665820516456066	0.16224195904272187	0.	1.	0.	0.	0.	1.	1.	0.	0.
0.16224195904272187	-0.7853981633974483	0.2617993877991494	0.6872245114823587	0.7853981633974483	0.43665820516456066	1.5267213846595749	-0.8036458997390803	0.5630491907691495	0.36443203495688414	-0.7948557291447849	-0.4851738469279818	-0.6220239705593416	-0.5955066384058477	0.5083876706453041	0.6930190992655078	-0.11651700931743492	0.7114410127290561
0.16224195904272187	-0.39269908169872414	0.39269908169872414	0.6872245114823587	0.39269908169872414	0.43665820516456066	0.9896980252617361	0.6918626710458573	-0.3954360206179508	0.17797515680230158	-0.8575833244969013	-0.482571948113479	0.6874231546218923	-0.24254722305440596	0.6845584351085611	-0.7041123845316757	-0.4535655257329845	0.5463552542217192
0.16224195904272187	0.	0.	0.6872245114823587	0.	0.43665820516456066	0.6872245114823587	0.43665820516456066	0.16224195904272187	0.	1.	0.	0.	0.	1.	1.	0.	0.
0.16224195904272187	0.39269908169872414	-0.39269908169872414	0.6872245114823587	-0.39269908169872414	0.43665820516456066	1.2521243480151905	0.16890867110787744	-0.13490834343342795	-0.4516217307309222	-0.6992134149134587	0.5542006971636413	-0.21655695292891192	0.6884864751587716	0.6921628852095404	0.8655292591644442	-0.19257978587720437	0.46235498007671394
0.16224195904272187	0.7853981633974483	-0.2617993877991494	0.6872245114823587	-0.7853981633974483	0.43665820516456066	1.7419662865035126	-0.5066742622290384	0.050832651415164576	-0.4470260842368933	-0.7240321173903552	0.5253048381645353	0.6374430998407163	-0.6698307822518033	-0.3807794868600407	0.6275619287984959	0.16463358143214962	0.7609611089849042
0.16224195904272187	0.	0.	0.6872245114823587	0.	0.43665820516456066	0.6872245114823587	0.43665820516456066	0.16224195904272187	0.	1.	0.	0.	0.	1.	1.	0.	0.
0.21460183660255172	0.	0.	0.6752319065557773	0.	0.45593812786599625	0.6752319065557773	0.45593812786599625	0.21460183660255172	0.	1.	0.	0.	0.	1.	1.	0.	0.
0.21460183660255172	-0.7853981633974483	0.2617993877991494	0.6752319065557773	0.7853981633974483	0.45593812786599625	1.5308856203361527	-0.783066200761757	0.5979524514499327	0.3746023860539931	-0.7897400263622679	-0.48578157964663465	-0.6102309797860327	-0.6044573593099742	0.5121029701977824	0.6980624640188252	-0.10460397476834642	0.7083549991287063
0.21460183660255172	-0.39269908169872414	0.39269908169872414	0.6752319065557773	0.39269908169872414	0.45593812786599625	0.987241807814045	0.7252635548355091	-0.3667334916252273	0.18052211164079646	-0.8500238978649818	-0.49484456172334623	0.701393901926092	-0.24145356649363317	0.6706316198692068	-0.6895348878408105	-0.4681447941459217	0.5526138707673135
0.21460183660255172	0.	0.	0.6752319065557773	0.	0.45593812786599625	0.6752319065557773	0.45593812786599625	0.21460183660255172	0.	1.	0.	0.	0.	1.	1.	0.	0.
0.21460183660255172	0.39269908169872414	-0.39269908169872414	0.6752319065557773	-0.39269908169872414	0.45593812786599625	1.2633872045614771	0.1746206279526892	-0.09223596148984296	-0.4661307785701819	-0.6850357022601155	0.5598644335002416	-0.2146109175287737	0.7014694217642493	0.6796196027243386	0.8582914722557915	-0.19663859478423956	0.4739926283121559
0.21460183660255172	0.7853981633974483	-0.2617993877991494	0.6752319065557773	-0.7853981633974483	0.45593812786599625	1.75175263112998	-0.488737752799852	0.08275699269420067	-0.4561675575824162	-0.7171780874984405	0.5268460403394641	-0.6140046884877935	0.682189500490384	0.39700847338021367	0.6441346147540123	0.142383553238285	0.7515434264518187
0.21460183660255172	0.	0.	0.6752319065557773	0.	0.45593812786599625	0.6752319065557773	0.45593812786599625	0.21460183660255172	0.	1.	0.	0.	0.	1.	1.	0.	0.
0.26696171416238157	0.	0.	0.6670896556476712	0.	0.48431054167502974	0.6670896556476712	0.48431054167502974	0.26696171416238157	0.	1.	0.	0.	0.	1.	1.	0.	0.
0.26696171416238157	-0.7853981633974483	0.2617993877991494	0.6670896556476712	0.7853981633974483	0.48431054167502974	1.5400913499228395	-0.7594427074407446	0.6377132690029905	0.38329009530732294	-0.7840508695740335	-0.488214027614432	-0.6002057027545374	-0.6131983376299925	0.5135571176692476	0.7020269348253209	-0.09618748696174344	0.7056246524404808
0.26696171416238157	-0.39269908169872414	0.39269908169872414	0.6670896556476712	0.39269908169872414	0.48431054167502974	0.9903237163757062	0.7634551117673977	-0.33541691665801965	0.17629734001303055	-0.8391992475214507	-0.5144549259787111	0.7146198284126908	-0.2503039473776948	0.6531970872306156	-0.6769326028075072	-0.4827965999119872	0.5555805021503891
0.26696171416238157	0.	0.	0.6670896556476712	0.	0.48431054167502974	0.6670896556476712	0.48431054167502974	0.26696171416238157	0.	1.	0.	0.	0.	1.	1.	0.	0.
0.26696171416238157	0.39269908169872414	-0.39269908169872414	0.6670896556476712	-0.39269908169872414	0.48431054167502974	1.2803581883344006	0.18577016772828692	-0.04776644457760654	-0.4793077275487675	-0.6699544358717205	0.5669436975289884	0.20285697459588942	-0.7130578482145729	-0.6711166463122532	0.8538812272030807	-0.20666291141713805	0.4776790668165741
0.26696171416238157	0.7853981633974483	-0.2617993877991494	0.6670896556476712	-0.7853981633974483	0.48431054167502974	1.7666131498585598	-0.46887239328872243	0.1206211549152485	-0.46425479544740544	-0.7099207708296594	0.529603610305585	0.594613246809632	-0.6929843386132835	-0.40768590011823747	0.6564316960831457	0.12563918807972319	0.743849596891786
0.26696171416238157	0.	0.	0.6670896556476712	0.	0.48431054167502974	0.6670896556476712	0.48431054167502974	0.26696171416238157	0.	1.	0.	0.	0.	1.	1.	0.	0.
0.3193215917222114	0.	0.	0.6629208326631537	0.	0.5213912611677478	0.6629208326631537	0.5213912611677478	0.3193215917222114	0.	1.	0.	0.	0.	1.	1.	0.	0.
0.3193215917222114	-0.7853981633974483	0.2617993877991494	0.6629208326631537	0.7853981633974483	0.5213912611677478	1.5542989182708917	-0.7326619192567778	0.6819966865390013	0.3902784826243312	-0.777866239215858	-0.4925513373127996	-0.5918536477083237	-0.621759089700817	0.5129570099616175	0.7052602113367812	-0.09132222217285971	0.7030421651953811
0.3193215917222114	-0.39269908169872414	0.39269908169872414	0.6629208326631537	0.39269908169872414	0.5213912611677478	0.9993160412435619	0.8056720901418067	-0.3013544458322541	0.16137432550382846	-0.8234264116311513	-0.543991977603007	0.7280608292198136	-0.2727926451377066	0.6288971312659413	-0.6662475185874555	-0.49754710067190555	0.5554827869421688
0.3193215917222114	0.	0.	0.6629208326631537	0.	0.5213912611677478	0.6629208326631537	0.5213912611677478	0.3193215917222114	0.	1.	0.	0.	0.	1.	1.	0.	0.
0.3193215917222114	0.39269908169872414	-0.39269908169872414	0.6629208326631537	-0.39269908169872414	0.5213912611677478	1.302951302117908	0.20216398862886448	-0.0014816051936611626	-0.4908870077560436	-0.6542099252268933	0.5753601648975541	-0.17829798441411193	0.7218646128209487	0.6686713015456299	0.8527835448519061	-0.22565649667466825	0.4709982708443125
0.3193215917222114	0.7853981633974483	-0.2617993877991494	0.6629208326631537	-0.7853981633974483	0.5213912611677478	1.786467585701522	-0.4466170102138307	0.163783110065425	-0.4711935822380262	-0.7023521960308619	0.5335522474775289	0.5791475145411841	-0.7026095921733027	-0.4134342963359887	0.6652554129493915	0.11419787089386124	0.7378306593147532
0.3193215917222114	0.	0.	0.6629208326631537	0.	0.5213912611677478	0.6629208326631537	0.5213912611677478	0.3193215917222114	0.	1.	0.	0.	0.	1.	1.	0.	0.
0.3716814692820414	0.	0.	0.6628279548314424	0.	0.5664766316295277	0.6628279548314424	0.5664766316295277	0.3716814692820414	0.	1.	0.	0.	0.	1.	1.	0.	0.
0.3716814692820414	-0.7853981633974483	0.2617993877991494	0.6628279548314424	0.7853981633974483	0.5664766316295277	1.573400903217886	0.7303439886209535	-0.7027588360958255	0.3954129425401125	-0.7712735465972664	-0.49878424312626773	0.7080969247367627	-0.08990579524851273	0.7003682553907422	-0.5850191022950527	-0.6301222613906026	0.5105865114257172
0.3716814692820414	-0.39269908169872414	0.39269908169872414	0.6628279548314424	0.39269908169872414	0.5664766316295277	1.0147615838617745	0.850825675486537	-0.26460120360529826	-0.13017382522026222	0.7995264293481663	0.5863550664923911	0.7422957789950082	-0.31347056369427634	0.5922273061784523	-0.6573064366897059	-0.5123413846947797	0.5526794313300587
0.3716814692820414	0.	0.	0.6628279548314424	0.	0.5664766316295277	0.6628279548314424	0.5664766316295277	0.3716814692820414	0.	1.	0.	0.	0.	1.	1.	0.	0.
0.3716814692820414	0.39269908169872414	-0.39269908169872414	0.6628279548314424	-0.39269908169872414	0.5664766316295277	1.3309614649483275	0.223736976585366	0.04628761420931665	-0.5006742953933838	-0.6380848186308181	0.5849555659750699	0.13757491237285036	-0.725818378656726	-0.6739887422574089	0.854633484844785	-0.2569736279017698	0.45118306832710553
0.3716814692820414	0.7853981633974483	-0.2617993877991494	0.6628279548314424	-0.7853981633974483	0.5664766316295277	1.8111467638145538	-0.42172397388929395	0.2115632658177551	-0.4769327573651473	-0.6945804909428803	0.5386029024741927	0.5671892660067044	-0.7113349084565119	-0.41508912842658463	0.6714398569334807	0.10752018235063132	0.7332175181407179
0.3716814692820414	0.	0.	0.6628279548314424	0.	0.5664766316295277	0.6628279548314424	0.5664766316295277	0.3716814692820414	0.	1.	0.	0.	0.	1.	1.	0.	0.
0.42404134684187134	0.	0.	0.6669027329930556	0.	0.6183657872731567	0.6669027329930556	0.6183657872731567	0.42404134684187134	0.	1.	0.	0.	0.	1.	1.	0.	0.
0.42404134684187134	-0.7853981633974483	0.2617993877991494	0.6669027329930556	0.7853981633974483	0.6183657872731567	1.5971733079887194	0.782076415001081	-0.6699398558817142	0.39867120229618347	-0.7643929290394591	-0.5067195698748883	0.7108180695256955	-0.09157352794299048	0.6973893898073285	-0.5794816170470631	-0.6382144929524484	0.5068365776953851
0.42404134684187134	-0.39269908169872414	0.39269908169872414	0.6669027329930556	0.39269908169872414	0.6183657872731567	1.037402599345882	0.8973305737404647	-0.22542330597826088	-0.07669667555929927	0.7623717621889291	0.6425783346605289	0.7562014156412179	-0.37555873443499643	0.5358311823436572	-0.6498284688595672	-0.5270151166774354	0.5477024994037362
0.42404134684187134	0.	0.	0.6669027329930556	0.	0.6183657872731567	0.6669027329930556	0.6183657872731567	0.42404134684187134	0.	1.	0.	0.	0.	1.	1.	0.	0.
0.42404134684187134	0.39269908169872414	-0.39269908169872414	0.6669027329930556	-0.39269908169872414	0.6183657872731567	1.363991316290734	0.2505284506043912	0.09479010021295656	-0.5085960040592745	-0.6219376526245448	0.5954188953189254	-0.07798307178153024	0.7219711570008753	0.6875145736450493	0.8574664688315545	-0.3032345704346528	0.4156922541049526
0.42404134684187134	0.7853981633974483	-0.2617993877991494	0.6669027329930556	-0.7853981633974483	0.6183657872731567	1.8403350623226182	-0.3941526458719937	0.2631274506574628	-0.48149342669733286	-0.6867503336158709	0.544553082192866	0.5581173953670671	-0.7193053741687562	-0.4136481012655883	0.6757729300852032	0.10475570614737734	0.7296281169154759
0.42404134684187134	0.	0.	0.6669027329930556	0.	0.6183657872731567	0.6669027329930556	0.6183657872731567	0.42404134684187134	0.	1.	0.	0.	0.	1.	1.	0.	0.
0.4764012244017012	0.	0.	0.6752319065557773	0.	0.6752319067557773	0.6752319067557773	0.6752319065557773	0.4764012244017012	0.	0.	1.	0.	1.	0.	1.	0.	0.
0.4764012244017012	-0.7853981633974483	0.2617993877991494	0.6752319065557773	0.7853981633974483	0.6752319067557773	1.6252176147539685	0.8362318241695136	-0.6345844012102237	0.400245515787877	-0.7574079658271511	-0.515884386653903	0.7135985611521025	-0.09560191066798418	0.694000985732931	-0.5749614079339112	-0.645905138529032	0.5022209985737819
0.4764012244017012	-0.39269908169872414	0.39269908169872414	0.6752319065557773	0.39269908169872414	0.6752319067557773	1.0679309883545014	0.9432235116574428	-0.1842894622986866	-3.5563285649686804e-10	-0.7071067809186995	-0.7071067814543955	0.7654878793413309	-0.4549880807480079	0.45498808001831925	-0.6434503139959697	-0.5412816704415901	0.5412816703551389
0.4764012244017012	0.	0.	0.6752319065557773	0.	0.6752319067557773	0.6752319067557773	0.6752319065557773	0.4764012244017012	0.	0.	1.	0.	1.	0.	1.	0.	0.
0.4764012244017012	0.39269908169872414	-0.39269908169872414	0.6752319065557773	-0.39269908169872414	0.6752319067557773	1.40137354669056	0.282532824957053	0.14295866606564256	-0.5147526512491205	-0.6062300338570377	0.6062300339654049	-3.556327454745656e-10	-0.7071067810987625	-0.7071067812743325	0.8573387358751505	-0.36398509059278994	0.36398509007122426
0.4764012244017012	0.7853981633974483	-0.2617993877991494	0.6752319065557773	-0.7853981633974483	0.6752319067557773	1.8735125036277305	-0.3640407908162635	0.3173933249017922	-0.4849988991065215	-0.6790621631638842	0.551045049360439	0.5511923833155438	-0.7265657170390489	-0.41023068558856374	0.678942578161359	0.10477040318104508	0.726677465026189
0.4764012244017012	0.	0.	0.6752319065557773	0.	0.6752319067557773	0.6752319067557773	0.6752319065557773	0.4764012244017012	0.	0.	1.	0.	1.	0.	1.	0.	0.
0.528761101961531	0.	0.	0.6878991153603293	0.	0.73459947311661	0.73459947311661	0.6878991153603293	0.528761101961531	0.	0.	1.	0.	1.	0.	1.	0.	0.
0.528761101961531	-0.7853981633974483	0.2617993877991494	0.6878991153603293	0.7853981633974483	0.73459947311661	1.6569100302448483	0.8915662296261925	-0.5972165694325682	0.4006151365299863	-0.7505987216581727	-0.5254608181664714	0.7164566462043803	-0.1008575794771799	0.6903025588621092	-0.5711369244696334	-0.6530155493609027	0.4973663697921752
