27	9

899	UNIFORM_HEXA

-1.	-1.	-1.
1.	-1.	-1.
1.	1.	-1.
-1.	1.	-1.
-1.	-1.	1.
1.	-1.	1.
1.	1.	1.
-1.	1.	1.

0.	-1.	-1.
1.	0.	-1.
0.	1.	-1.
-1.	0.	-1.

-1.	-1.	0.
1.	-1.	0.
1.	1.	0.
-1.	1.	0.

0.	-1.	1.
1.	0.	1.
0.	1.	1.
-1.	0.	1.

0.	0.	-1.
0.	-1.	0.
1.	0.	0.
0.	1.	0.
-1.	0.	0.
0.	0.	1.

0.	0.	0.


8	1		0	1	2	3	4	5	6	7
8	1		0	8	20	11	12	21	26	24
8	1		8	1	9	20	21	13	22	26
8	1		20	9	2	10	26	22	14	23
8	1		11	20	10	3	24	26	23	15
8	1		12	21	26	24	4	16	25	19
8	1		21	13	22	26	16	5	17	25
8	1		26	22	14	23	25	17	6	18
8	1		24	26	23	15	19	25	18	7
