$MeshFormat
2.2 0 8
$EndMeshFormat
$PhysicalNames
11
1 1 "well_p_lids"
1 2 "well_i_lids"
1 3 "producers"
1 4 "injectors"
1 8 "Reservoir_south"
1 9 "Reservoir_West"
1 10 "Reservoir_north"
1 11 "Reservoir_East"
2 5 "Reservoir"
2 6 "Wellbore_p"
2 7 "Wellbore_i"
$EndPhysicalNames
$Nodes
125
1 -500 -50 -0
2 500 -50 -0
3 500 50 0
4 -500 50 0
5 -458.3333333333065 -50 0
6 -416.6666666666422 -50 0
7 -374.9999999999842 -50 0
8 -333.3333333333408 -50 0
9 -291.6666666666789 -50 0
10 -250.0000000000003 -50 0
11 -208.3333333333667 -50 0
12 -166.6666666667037 -50 0
13 -124.9999999999997 -50 0
14 -83.33333333333974 -50 0
15 -41.66666666669227 -50 0
16 -3.33102434524335e-11 -50 0
17 41.66666666664889 -50 0
18 83.33333333332007 -50 0
19 124.9999999999968 -50 0
20 166.6666666666814 -50 0
21 208.3333333333815 -50 0
22 250.0000000000815 -50 0
23 291.6666666667631 -50 0
24 333.3333333333408 -50 0
25 374.9999999999409 -50 0
26 416.6666666665952 -50 0
27 458.3333333332977 -50 0
28 500 -25.00000000004928 0
29 500 -1.224691459356109e-10 0
30 500 24.99999999995262 0
31 458.3333333333065 50 0
32 416.6666666666422 50 0
33 374.9999999999842 50 0
34 333.3333333333408 50 0
35 291.6666666666789 50 0
36 250.0000000000003 50 0
37 208.3333333333667 50 0
38 166.6666666667037 50 0
39 124.9999999999997 50 0
40 83.33333333333974 50 0
41 41.66666666669227 50 0
42 3.33102434524335e-11 50 0
43 -41.66666666664889 50 0
44 -83.33333333332007 50 0
45 -124.9999999999968 50 0
46 -166.6666666666814 50 0
47 -208.3333333333815 50 0
48 -250.0000000000815 50 0
49 -291.6666666667631 50 0
50 -333.3333333333408 50 0
51 -374.9999999999409 50 0
52 -416.6666666665952 50 0
53 -458.3333333332977 50 0
54 -500 25.00000000004928 0
55 -500 1.224691459356109e-10 0
56 -500 -24.99999999995262 0
57 -333.3333333333408 0 0
58 -416.6666666666188 6.123457296780543e-11 0
59 -166.6666666666925 0 0
60 -250.0000000000409 0 0
61 0 0 0
62 -83.3333333333299 0 0
63 166.6666666666925 0 0
64 83.3333333333299 0 0
65 333.3333333333408 0 0
66 250.0000000000409 0 0
67 416.6666666666188 -6.123457296780543e-11 0
68 -416.6666666666305 -24.99999999996938 0
69 -458.3333333333094 9.185185945170815e-11 0
70 -458.333333333308 -24.999999999961 0
71 -333.3333333333408 -25 0
72 -374.9999999999798 3.061728648390272e-11 0
73 -374.999999999982 -24.99999999998469 0
74 -333.3333333333408 25 0
75 -416.666666666607 25.00000000003062 0
76 -374.9999999999603 25.00000000001531 0
77 -458.3333333333036 25.00000000003995 0
78 -250.0000000000206 -25 0
79 -291.6666666666908 0 0
80 -291.6666666666848 -25 0
81 -166.6666666666981 -25 0
82 -208.3333333333667 0 0
83 -208.3333333333667 -25 0
84 -166.666666666687 25 0
85 -250.0000000000612 25 0
86 -208.3333333333741 25 0
87 -291.666666666727 25 0
88 -83.33333333333482 -25 0
89 -125.0000000000112 0 0
90 -125.0000000000054 -25 0
91 -1.665512172621675e-11 -25 0
92 -41.66666666666495 0 0
93 -41.66666666667861 -25 0
94 1.665512172621675e-11 25 0
95 -83.33333333332499 25 0
96 -41.66666666665692 25 0
97 -125.000000000004 25 0
98 83.33333333332499 -25 0
99 41.66666666666495 0 0
100 41.66666666665692 -25 0
101 166.666666666687 -25 0
102 125.0000000000112 0 0
103 125.000000000004 -25 0
104 166.6666666666981 25 0
105 83.33333333333482 25 0
106 125.0000000000054 25 0
107 41.66666666667861 25 0
108 250.0000000000612 -25 0
109 208.3333333333667 0 0
110 208.3333333333741 -25 0
111 333.3333333333408 -25 0
112 291.6666666666908 0 0
113 291.666666666727 -25 0
114 333.3333333333408 25 0
115 250.0000000000206 25 0
116 291.6666666666848 25 0
117 208.3333333333667 25 0
118 416.666666666607 -25.00000000003062 0
119 374.9999999999798 -3.061728648390272e-11 0
120 374.9999999999603 -25.00000000001531 0
121 458.3333333333094 -9.185185945170815e-11 0
122 458.3333333333036 -25.00000000003995 0
123 416.6666666666305 24.99999999996938 0
124 458.333333333308 24.999999999961 0
125 374.999999999982 24.99999999998469 0
$EndNodes
$Elements
152
1 1 2 8 1 1 5
2 1 2 8 1 5 6
3 1 2 8 1 6 7
4 1 2 8 1 7 8
5 1 2 8 1 8 9
6 1 2 8 1 9 10
7 1 2 8 1 10 11
8 1 2 8 1 11 12
9 1 2 8 1 12 13
10 1 2 8 1 13 14
11 1 2 8 1 14 15
12 1 2 8 1 15 16
13 1 2 8 1 16 17
14 1 2 8 1 17 18
15 1 2 8 1 18 19
16 1 2 8 1 19 20
17 1 2 8 1 20 21
18 1 2 8 1 21 22
19 1 2 8 1 22 23
20 1 2 8 1 23 24
21 1 2 8 1 24 25
22 1 2 8 1 25 26
23 1 2 8 1 26 27
24 1 2 8 1 27 2
25 1 2 11 2 2 28
26 1 2 11 2 28 29
27 1 2 11 2 29 30
28 1 2 11 2 30 3
29 1 2 10 3 3 31
30 1 2 10 3 31 32
31 1 2 10 3 32 33
32 1 2 10 3 33 34
33 1 2 10 3 34 35
34 1 2 10 3 35 36
35 1 2 10 3 36 37
36 1 2 10 3 37 38
37 1 2 10 3 38 39
38 1 2 10 3 39 40
39 1 2 10 3 40 41
40 1 2 10 3 41 42
41 1 2 10 3 42 43
42 1 2 10 3 43 44
43 1 2 10 3 44 45
44 1 2 10 3 45 46
45 1 2 10 3 46 47
46 1 2 10 3 47 48
47 1 2 10 3 48 49
48 1 2 10 3 49 50
49 1 2 10 3 50 51
50 1 2 10 3 51 52
51 1 2 10 3 52 53
52 1 2 10 3 53 4
53 1 2 9 4 4 54
54 1 2 9 4 54 55
55 1 2 9 4 55 56
56 1 2 9 4 56 1
57 3 2 5 6 1 5 70 56
58 3 2 5 6 5 6 68 70
59 3 2 5 6 70 68 58 69
60 3 2 5 6 56 70 69 55
61 3 2 5 6 6 7 73 68
62 3 2 5 6 7 8 71 73
63 3 2 5 6 73 71 57 72
64 3 2 5 6 68 73 72 58
65 3 2 5 6 58 72 76 75
66 3 2 5 6 72 57 74 76
67 3 2 5 6 76 74 50 51
68 3 2 5 6 75 76 51 52
69 3 2 5 6 55 69 77 54
70 3 2 5 6 69 58 75 77
71 3 2 5 6 77 75 52 53
72 3 2 5 6 54 77 53 4
73 3 2 5 6 8 9 80 71
74 3 2 5 6 9 10 78 80
75 3 2 5 6 80 78 60 79
76 3 2 5 6 71 80 79 57
77 3 2 5 6 10 11 83 78
78 3 2 5 6 11 12 81 83
79 3 2 5 6 83 81 59 82
80 3 2 5 6 78 83 82 60
81 3 2 5 6 60 82 86 85
82 3 2 5 6 82 59 84 86
83 3 2 5 6 86 84 46 47
84 3 2 5 6 85 86 47 48
85 3 2 5 6 57 79 87 74
86 3 2 5 6 79 60 85 87
87 3 2 5 6 87 85 48 49
88 3 2 5 6 74 87 49 50
89 3 2 5 6 12 13 90 81
90 3 2 5 6 13 14 88 90
91 3 2 5 6 90 88 62 89
92 3 2 5 6 81 90 89 59
93 3 2 5 6 14 15 93 88
94 3 2 5 6 15 16 91 93
95 3 2 5 6 93 91 61 92
96 3 2 5 6 88 93 92 62
97 3 2 5 6 62 92 96 95
98 3 2 5 6 92 61 94 96
99 3 2 5 6 96 94 42 43
100 3 2 5 6 95 96 43 44
101 3 2 5 6 59 89 97 84
102 3 2 5 6 89 62 95 97
103 3 2 5 6 97 95 44 45
104 3 2 5 6 84 97 45 46
105 3 2 5 6 16 17 100 91
106 3 2 5 6 17 18 98 100
107 3 2 5 6 100 98 64 99
108 3 2 5 6 91 100 99 61
109 3 2 5 6 18 19 103 98
110 3 2 5 6 19 20 101 103
111 3 2 5 6 103 101 63 102
112 3 2 5 6 98 103 102 64
113 3 2 5 6 64 102 106 105
114 3 2 5 6 102 63 104 106
115 3 2 5 6 106 104 38 39
116 3 2 5 6 105 106 39 40
117 3 2 5 6 61 99 107 94
118 3 2 5 6 99 64 105 107
119 3 2 5 6 107 105 40 41
120 3 2 5 6 94 107 41 42
121 3 2 5 6 20 21 110 101
122 3 2 5 6 21 22 108 110
123 3 2 5 6 110 108 66 109
124 3 2 5 6 101 110 109 63
125 3 2 5 6 22 23 113 108
126 3 2 5 6 23 24 111 113
127 3 2 5 6 113 111 65 112
128 3 2 5 6 108 113 112 66
129 3 2 5 6 66 112 116 115
130 3 2 5 6 112 65 114 116
131 3 2 5 6 116 114 34 35
132 3 2 5 6 115 116 35 36
133 3 2 5 6 63 109 117 104
134 3 2 5 6 109 66 115 117
135 3 2 5 6 117 115 36 37
136 3 2 5 6 104 117 37 38
137 3 2 5 6 24 25 120 111
138 3 2 5 6 25 26 118 120
139 3 2 5 6 120 118 67 119
140 3 2 5 6 111 120 119 65
141 3 2 5 6 26 27 122 118
142 3 2 5 6 27 2 28 122
143 3 2 5 6 122 28 29 121
144 3 2 5 6 118 122 121 67
145 3 2 5 6 67 121 124 123
146 3 2 5 6 121 29 30 124
147 3 2 5 6 124 30 3 31
148 3 2 5 6 123 124 31 32
149 3 2 5 6 65 119 125 114
150 3 2 5 6 119 67 123 125
151 3 2 5 6 125 123 32 33
152 3 2 5 6 114 125 33 34
$EndElements
