$MeshFormat
2.2 0 8
$EndMeshFormat
$PhysicalNames
11
1 1 "well_p_lids"
1 2 "well_i_lids"
1 3 "producers"
1 4 "injectors"
1 8 "Reservoir_south"
1 9 "Reservoir_West"
1 10 "Reservoir_north"
1 11 "Reservoir_East"
2 5 "Reservoir"
2 6 "Wellbore_p"
2 7 "Wellbore_i"
$EndPhysicalNames
$Nodes
289
1 -50 -50 -0
2 50 -50 -0
3 50 50 0
4 -50 50 0
5 -43.75000000001083 -50 0
6 -37.50000000002849 -50 0
7 -31.25000000004459 -50 0
8 -25.00000000006602 -50 0
9 -18.75000000009323 -50 0
10 -12.50000000011968 -50 0
11 -6.250000000148233 -50 0
12 -1.735074306452589e-10 -50 0
13 6.249999999836461 -50 0
14 12.49999999985575 -50 0
15 18.74999999987946 -50 0
16 24.99999999990381 -50 0
17 31.2499999999436 -50 0
18 37.49999999997418 -50 0
19 43.74999999998634 -50 0
20 50 -43.75000000001083 0
21 50 -37.50000000002849 0
22 50 -31.25000000004459 0
23 50 -25.00000000006602 0
24 50 -18.75000000009323 0
25 50 -12.50000000011968 0
26 50 -6.250000000148233 0
27 50 -1.735074306452589e-10 0
28 50 6.249999999836461 0
29 50 12.49999999985575 0
30 50 18.74999999987946 0
31 50 24.99999999990381 0
32 50 31.2499999999436 0
33 50 37.49999999997418 0
34 50 43.74999999998634 0
35 43.75000000001083 50 0
36 37.50000000002849 50 0
37 31.25000000004459 50 0
38 25.00000000006602 50 0
39 18.75000000009323 50 0
40 12.50000000011968 50 0
41 6.250000000148233 50 0
42 1.735074306452589e-10 50 0
43 -6.249999999836461 50 0
44 -12.49999999985575 50 0
45 -18.74999999987946 50 0
46 -24.99999999990381 50 0
47 -31.2499999999436 50 0
48 -37.49999999997418 50 0
49 -43.74999999998634 50 0
50 -50 43.75000000001083 0
51 -50 37.50000000002849 0
52 -50 31.25000000004459 0
53 -50 25.00000000006602 0
54 -50 18.75000000009323 0
55 -50 12.50000000011968 0
56 -50 6.250000000148233 0
57 -50 1.735074306452589e-10 0
58 -50 -6.249999999836461 0
59 -50 -12.49999999985575 0
60 -50 -18.74999999987946 0
61 -50 -24.99999999990381 0
62 -50 -31.2499999999436 0
63 -50 -37.49999999997418 0
64 -50 -43.74999999998634 0
65 -6.02084088362035e-22 0 0
66 -8.675371532293047e-11 -25 0
67 -25 8.675371532262943e-11 0
68 -25.00000000003301 -24.9999999999519 0
69 8.675371532232839e-11 25 0
70 -24.9999999999519 25.00000000003301 0
71 25 -8.675371532262943e-11 0
72 24.9999999999519 -25.00000000003301 0
73 25.00000000003301 24.9999999999519 0
74 -25.00000000004952 -37.49999999997596 0
75 -37.50000000001651 -24.99999999992786 0
76 -37.5000000000225 -37.49999999997506 0
77 -1.301305729840947e-10 -37.5 0
78 -12.50000000005988 -24.99999999997595 0
79 -12.50000000008978 -37.49999999998798 0
80 -4.337685766176628e-11 -12.5 0
81 -12.5 4.337685766131472e-11 0
82 -25.00000000001651 -12.49999999993257 0
83 -12.50000000002994 -12.49999999996629 0
84 -37.5 1.301305729839441e-10 0
85 -37.50000000000825 -12.49999999989416 0
86 -24.99999999997595 12.50000000005988 0
87 -37.49999999997596 25.00000000004952 0
88 -37.49999999998798 12.50000000008978 0
89 4.337685766086315e-11 12.5 0
90 -12.49999999993257 25.00000000001651 0
91 -12.49999999996629 12.50000000002994 0
92 1.301305729837936e-10 37.5 0
93 -24.99999999992786 37.50000000001651 0
94 -12.49999999989416 37.50000000000825 0
95 -37.49999999997506 37.5000000000225 0
96 24.99999999992786 -37.50000000001651 0
97 12.49999999993257 -25.00000000001651 0
98 12.49999999989416 -37.50000000000825 0
99 37.49999999997596 -25.00000000004952 0
100 37.49999999997507 -37.5000000000225 0
101 37.5 -1.301305729839441e-10 0
102 24.99999999997595 -12.50000000005988 0
103 37.49999999998798 -12.50000000008978 0
104 12.5 -4.337685766131472e-11 0
105 12.49999999996628 -12.50000000002994 0
106 25.00000000001651 12.49999999993257 0
107 12.50000000005988 24.99999999997595 0
108 12.50000000002994 12.49999999996628 0
109 37.50000000001651 24.99999999992786 0
110 37.50000000000826 12.49999999989416 0
111 25.00000000004952 37.49999999997596 0
112 37.5000000000225 37.49999999997507 0
113 12.50000000008978 37.49999999998798 0
114 -37.50000000002549 -43.74999999998753 0
115 -43.75000000001125 -37.49999999997462 0
116 -43.75000000001104 -43.74999999998694 0
117 -25.00000000005777 -43.74999999998798 0
118 -31.25000000003601 -37.49999999997551 0
119 -31.25000000004029 -43.74999999998776 0
120 -25.00000000004126 -31.24999999996393 0
121 -31.25000000002476 -24.99999999993988 0
122 -37.5000000000195 -31.24999999995146 0
123 -31.25000000003039 -31.24999999995769 0
124 -43.75000000000826 -24.99999999991583 0
125 -43.75000000000975 -31.24999999994753 0
126 -12.50000000010473 -43.74999999999399 0
127 -18.75000000006965 -37.49999999998197 0
128 -18.75000000008144 -43.74999999999098 0
129 -1.518190018146768e-10 -43.75 0
130 -6.250000000109956 -37.49999999999399 0
131 -6.250000000129094 -43.74999999999699 0
132 -1.084421441535126e-10 -31.25 0
133 -6.250000000073318 -24.99999999998798 0
134 -12.50000000007483 -31.24999999998197 0
135 -6.250000000091637 -31.24999999999098 0
136 -18.75000000004645 -24.99999999996393 0
137 -18.75000000005805 -31.24999999997294 0
138 -12.50000000004491 -18.74999999997112 0
139 -18.75000000002322 -12.49999999994943 0
140 -25.00000000002476 -18.74999999994224 0
141 -18.75000000003483 -18.74999999995668 0
142 -6.506528649234838e-11 -18.75 0
143 -6.250000000036659 -12.49999999998314 0
144 -6.250000000054988 -18.74999999998556 0
145 -2.168842883118418e-11 -6.25 0
146 -6.25 2.168842883065736e-11 0
147 -12.50000000001497 -6.249999999961455 0
148 -6.25000000001833 -6.249999999980728 0
149 -18.75 6.506528649197207e-11 0
150 -25.00000000000825 -6.249999999922911 0
151 -18.75000000001161 -6.249999999942183 0
152 -37.50000000001238 -18.74999999991101 0
153 -43.75000000000412 -12.49999999987495 0
154 -43.75000000000619 -18.74999999989524 0
155 -31.25000000001238 -12.49999999991337 0
156 -31.25000000001857 -18.74999999992662 0
157 -31.25 1.084421441532868e-10 0
158 -37.50000000000412 -6.249999999882014 0
159 -31.25000000000619 -6.249999999902463 0
160 -43.75 1.518190018146015e-10 0
161 -43.75000000000206 -6.249999999859238 0
162 -37.49999999999399 6.250000000109956 0
163 -43.74999999999399 12.50000000010473 0
164 -43.74999999999699 6.250000000129093 0
165 -24.99999999998798 6.250000000073318 0
166 -31.24999999998197 12.50000000007483 0
167 -31.24999999999098 6.250000000091637 0
168 -24.99999999996393 18.75000000004645 0
169 -31.24999999996393 25.00000000004126 0
170 -37.49999999998197 18.75000000006965 0
171 -31.24999999997294 18.75000000005805 0
172 -43.74999999998798 25.00000000005777 0
173 -43.74999999999098 18.75000000008144 0
174 -12.49999999998314 6.25000000003666 0
175 -18.74999999997112 12.50000000004491 0
176 -18.74999999998556 6.250000000054989 0
177 2.168842883013053e-11 6.25 0
178 -6.249999999961455 12.50000000001497 0
179 -6.249999999980727 6.25000000001833 0
180 6.506528649159577e-11 18.75 0
181 -6.249999999922911 25.00000000000825 0
182 -12.49999999994943 18.75000000002322 0
183 -6.249999999942182 18.75000000001161 0
184 -18.74999999994224 25.00000000002476 0
185 -18.74999999995668 18.75000000003483 0
186 -12.49999999991337 31.25000000001238 0
187 -18.74999999991101 37.50000000001238 0
188 -24.99999999993988 31.25000000002476 0
189 -18.74999999992663 31.25000000001857 0
190 1.08442144153061e-10 31.25 0
191 -6.249999999882015 37.50000000000412 0
192 -6.249999999902462 31.25000000000619 0
193 1.518190018145262e-10 43.75 0
194 -12.49999999987495 43.75000000000412 0
195 -6.249999999859239 43.75000000000206 0
196 -24.99999999991583 43.75000000000826 0
197 -18.74999999989523 43.75000000000619 0
198 -37.49999999997551 31.25000000003601 0
199 -43.74999999998753 37.50000000002549 0
200 -43.74999999998776 31.2500000000403 0
201 -31.24999999995146 37.5000000000195 0
202 -31.24999999995769 31.25000000003039 0
203 -37.49999999997462 43.75000000001125 0
204 -31.24999999994753 43.75000000000976 0
205 -43.74999999998694 43.75000000001104 0
206 12.49999999987495 -43.75000000000412 0
207 6.249999999882014 -37.50000000000412 0
208 6.249999999859238 -43.75000000000206 0
209 24.99999999991583 -43.75000000000826 0
210 18.74999999991101 -37.50000000001238 0
211 18.74999999989524 -43.75000000000619 0
212 24.99999999993988 -31.25000000002476 0
213 18.74999999994224 -25.00000000002476 0
214 12.49999999991337 -31.25000000001238 0
215 18.74999999992663 -31.25000000001857 0
216 6.249999999922911 -25.00000000000825 0
217 6.249999999902462 -31.25000000000619 0
218 37.49999999997462 -43.75000000001125 0
219 31.24999999995146 -37.5000000000195 0
220 31.24999999994753 -43.75000000000975 0
221 43.74999999998754 -37.50000000002549 0
222 43.74999999998693 -43.75000000001104 0
223 43.74999999998798 -25.00000000005777 0
224 37.49999999997551 -31.25000000003601 0
225 43.74999999998776 -31.2500000000403 0
226 31.24999999996393 -25.00000000004126 0
227 31.2499999999577 -31.25000000003038 0
228 37.49999999998197 -18.75000000006965 0
229 31.24999999998197 -12.50000000007483 0
230 24.99999999996393 -18.75000000004645 0
231 31.24999999997295 -18.75000000005805 0
232 43.74999999999399 -12.50000000010473 0
233 43.74999999999098 -18.75000000008144 0
234 43.75 -1.518190018146015e-10 0
235 37.49999999999399 -6.250000000109956 0
236 43.74999999999699 -6.250000000129094 0
237 31.25 -1.084421441532868e-10 0
238 24.99999999998798 -6.250000000073318 0
239 31.24999999999098 -6.250000000091637 0
240 12.49999999994943 -18.75000000002322 0
241 6.249999999961454 -12.50000000001497 0
242 6.249999999942183 -18.75000000001161 0
243 18.74999999997112 -12.50000000004491 0
244 18.74999999995668 -18.75000000003484 0
245 18.75 -6.506528649197207e-11 0
246 12.49999999998314 -6.250000000036659 0
247 18.74999999998556 -6.250000000054988 0
248 6.25 -2.168842883065736e-11 0
249 6.249999999980727 -6.250000000018328 0
250 12.50000000001497 6.249999999961454 0
251 6.250000000036659 12.49999999998314 0
252 6.250000000018329 6.249999999980727 0
253 25.00000000000825 6.249999999922911 0
254 18.75000000002322 12.49999999994943 0
255 18.75000000001161 6.249999999942182 0
256 25.00000000002476 18.74999999994224 0
257 18.75000000004644 24.99999999996393 0
258 12.50000000004491 18.74999999997112 0
259 18.75000000003483 18.74999999995668 0
260 6.250000000073317 24.99999999998798 0
261 6.250000000054987 18.74999999998556 0
262 37.50000000000413 6.249999999882015 0
263 31.25000000001238 12.49999999991337 0
264 31.2500000000062 6.249999999902463 0
265 43.75000000000413 12.49999999987495 0
266 43.75000000000207 6.24999999985924 0
267 43.75000000000826 24.99999999991583 0
268 37.50000000001238 18.74999999991101 0
269 43.7500000000062 18.74999999989524 0
270 31.25000000002476 24.99999999993988 0
271 31.25000000001857 18.74999999992663 0
272 37.5000000000195 31.24999999995146 0
273 31.25000000003601 37.49999999997551 0
274 25.00000000004126 31.24999999996393 0
275 31.25000000003038 31.2499999999577 0
276 43.75000000001125 37.49999999997462 0
277 43.75000000000975 31.24999999994753 0
278 37.50000000002549 43.74999999998754 0
279 43.75000000001104 43.74999999998694 0
280 25.00000000005777 43.74999999998798 0
281 31.25000000004029 43.74999999998776 0
282 12.50000000007483 31.24999999998197 0
283 6.250000000109955 37.49999999999399 0
284 6.250000000091637 31.24999999999098 0
285 18.75000000006965 37.49999999998197 0
286 18.75000000005804 31.24999999997295 0
287 12.50000000010473 43.74999999999399 0
288 18.75000000008144 43.74999999999098 0
289 6.250000000129093 43.74999999999699 0
$EndNodes
$Elements
320
1 1 2 8 1 1 5
2 1 2 8 1 5 6
3 1 2 8 1 6 7
4 1 2 8 1 7 8
5 1 2 8 1 8 9
6 1 2 8 1 9 10
7 1 2 8 1 10 11
8 1 2 8 1 11 12
9 1 2 8 1 12 13
10 1 2 8 1 13 14
11 1 2 8 1 14 15
12 1 2 8 1 15 16
13 1 2 8 1 16 17
14 1 2 8 1 17 18
15 1 2 8 1 18 19
16 1 2 8 1 19 2
17 1 2 11 2 2 20
18 1 2 11 2 20 21
19 1 2 11 2 21 22
20 1 2 11 2 22 23
21 1 2 11 2 23 24
22 1 2 11 2 24 25
23 1 2 11 2 25 26
24 1 2 11 2 26 27
25 1 2 11 2 27 28
26 1 2 11 2 28 29
27 1 2 11 2 29 30
28 1 2 11 2 30 31
29 1 2 11 2 31 32
30 1 2 11 2 32 33
31 1 2 11 2 33 34
32 1 2 11 2 34 3
33 1 2 10 3 3 35
34 1 2 10 3 35 36
35 1 2 10 3 36 37
36 1 2 10 3 37 38
37 1 2 10 3 38 39
38 1 2 10 3 39 40
39 1 2 10 3 40 41
40 1 2 10 3 41 42
41 1 2 10 3 42 43
42 1 2 10 3 43 44
43 1 2 10 3 44 45
44 1 2 10 3 45 46
45 1 2 10 3 46 47
46 1 2 10 3 47 48
47 1 2 10 3 48 49
48 1 2 10 3 49 4
49 1 2 9 4 4 50
50 1 2 9 4 50 51
51 1 2 9 4 51 52
52 1 2 9 4 52 53
53 1 2 9 4 53 54
54 1 2 9 4 54 55
55 1 2 9 4 55 56
56 1 2 9 4 56 57
57 1 2 9 4 57 58
58 1 2 9 4 58 59
59 1 2 9 4 59 60
60 1 2 9 4 60 61
61 1 2 9 4 61 62
62 1 2 9 4 62 63
63 1 2 9 4 63 64
64 1 2 9 4 64 1
65 3 2 5 6 1 5 116 64
66 3 2 5 6 5 6 114 116
67 3 2 5 6 116 114 76 115
68 3 2 5 6 64 116 115 63
69 3 2 5 6 6 7 119 114
70 3 2 5 6 7 8 117 119
71 3 2 5 6 119 117 74 118
72 3 2 5 6 114 119 118 76
73 3 2 5 6 76 118 123 122
74 3 2 5 6 118 74 120 123
75 3 2 5 6 123 120 68 121
76 3 2 5 6 122 123 121 75
77 3 2 5 6 63 115 125 62
78 3 2 5 6 115 76 122 125
79 3 2 5 6 125 122 75 124
80 3 2 5 6 62 125 124 61
81 3 2 5 6 8 9 128 117
82 3 2 5 6 9 10 126 128
83 3 2 5 6 128 126 79 127
84 3 2 5 6 117 128 127 74
85 3 2 5 6 10 11 131 126
86 3 2 5 6 11 12 129 131
87 3 2 5 6 131 129 77 130
88 3 2 5 6 126 131 130 79
89 3 2 5 6 79 130 135 134
90 3 2 5 6 130 77 132 135
91 3 2 5 6 135 132 66 133
92 3 2 5 6 134 135 133 78
93 3 2 5 6 74 127 137 120
94 3 2 5 6 127 79 134 137
95 3 2 5 6 137 134 78 136
96 3 2 5 6 120 137 136 68
97 3 2 5 6 68 136 141 140
98 3 2 5 6 136 78 138 141
99 3 2 5 6 141 138 83 139
100 3 2 5 6 140 141 139 82
101 3 2 5 6 78 133 144 138
102 3 2 5 6 133 66 142 144
103 3 2 5 6 144 142 80 143
104 3 2 5 6 138 144 143 83
105 3 2 5 6 83 143 148 147
106 3 2 5 6 143 80 145 148
107 3 2 5 6 148 145 65 146
108 3 2 5 6 147 148 146 81
109 3 2 5 6 82 139 151 150
110 3 2 5 6 139 83 147 151
111 3 2 5 6 151 147 81 149
112 3 2 5 6 150 151 149 67
113 3 2 5 6 61 124 154 60
114 3 2 5 6 124 75 152 154
115 3 2 5 6 154 152 85 153
116 3 2 5 6 60 154 153 59
117 3 2 5 6 75 121 156 152
118 3 2 5 6 121 68 140 156
119 3 2 5 6 156 140 82 155
120 3 2 5 6 152 156 155 85
121 3 2 5 6 85 155 159 158
122 3 2 5 6 155 82 150 159
123 3 2 5 6 159 150 67 157
124 3 2 5 6 158 159 157 84
125 3 2 5 6 59 153 161 58
126 3 2 5 6 153 85 158 161
127 3 2 5 6 161 158 84 160
128 3 2 5 6 58 161 160 57
129 3 2 5 6 57 160 164 56
130 3 2 5 6 160 84 162 164
131 3 2 5 6 164 162 88 163
132 3 2 5 6 56 164 163 55
133 3 2 5 6 84 157 167 162
134 3 2 5 6 157 67 165 167
135 3 2 5 6 167 165 86 166
136 3 2 5 6 162 167 166 88
137 3 2 5 6 88 166 171 170
138 3 2 5 6 166 86 168 171
139 3 2 5 6 171 168 70 169
140 3 2 5 6 170 171 169 87
141 3 2 5 6 55 163 173 54
142 3 2 5 6 163 88 170 173
143 3 2 5 6 173 170 87 172
144 3 2 5 6 54 173 172 53
145 3 2 5 6 67 149 176 165
146 3 2 5 6 149 81 174 176
147 3 2 5 6 176 174 91 175
148 3 2 5 6 165 176 175 86
149 3 2 5 6 81 146 179 174
150 3 2 5 6 146 65 177 179
151 3 2 5 6 179 177 89 178
152 3 2 5 6 174 179 178 91
153 3 2 5 6 91 178 183 182
154 3 2 5 6 178 89 180 183
155 3 2 5 6 183 180 69 181
156 3 2 5 6 182 183 181 90
157 3 2 5 6 86 175 185 168
158 3 2 5 6 175 91 182 185
159 3 2 5 6 185 182 90 184
160 3 2 5 6 168 185 184 70
161 3 2 5 6 70 184 189 188
162 3 2 5 6 184 90 186 189
163 3 2 5 6 189 186 94 187
164 3 2 5 6 188 189 187 93
165 3 2 5 6 90 181 192 186
166 3 2 5 6 181 69 190 192
167 3 2 5 6 192 190 92 191
168 3 2 5 6 186 192 191 94
169 3 2 5 6 94 191 195 194
170 3 2 5 6 191 92 193 195
171 3 2 5 6 195 193 42 43
172 3 2 5 6 194 195 43 44
173 3 2 5 6 93 187 197 196
174 3 2 5 6 187 94 194 197
175 3 2 5 6 197 194 44 45
176 3 2 5 6 196 197 45 46
177 3 2 5 6 53 172 200 52
178 3 2 5 6 172 87 198 200
179 3 2 5 6 200 198 95 199
180 3 2 5 6 52 200 199 51
181 3 2 5 6 87 169 202 198
182 3 2 5 6 169 70 188 202
183 3 2 5 6 202 188 93 201
184 3 2 5 6 198 202 201 95
185 3 2 5 6 95 201 204 203
186 3 2 5 6 201 93 196 204
187 3 2 5 6 204 196 46 47
188 3 2 5 6 203 204 47 48
189 3 2 5 6 51 199 205 50
190 3 2 5 6 199 95 203 205
191 3 2 5 6 205 203 48 49
192 3 2 5 6 50 205 49 4
193 3 2 5 6 12 13 208 129
194 3 2 5 6 13 14 206 208
195 3 2 5 6 208 206 98 207
196 3 2 5 6 129 208 207 77
197 3 2 5 6 14 15 211 206
198 3 2 5 6 15 16 209 211
199 3 2 5 6 211 209 96 210
200 3 2 5 6 206 211 210 98
201 3 2 5 6 98 210 215 214
202 3 2 5 6 210 96 212 215
203 3 2 5 6 215 212 72 213
204 3 2 5 6 214 215 213 97
205 3 2 5 6 77 207 217 132
206 3 2 5 6 207 98 214 217
207 3 2 5 6 217 214 97 216
208 3 2 5 6 132 217 216 66
209 3 2 5 6 16 17 220 209
210 3 2 5 6 17 18 218 220
211 3 2 5 6 220 218 100 219
212 3 2 5 6 209 220 219 96
213 3 2 5 6 18 19 222 218
214 3 2 5 6 19 2 20 222
215 3 2 5 6 222 20 21 221
216 3 2 5 6 218 222 221 100
217 3 2 5 6 100 221 225 224
218 3 2 5 6 221 21 22 225
219 3 2 5 6 225 22 23 223
220 3 2 5 6 224 225 223 99
221 3 2 5 6 96 219 227 212
222 3 2 5 6 219 100 224 227
223 3 2 5 6 227 224 99 226
224 3 2 5 6 212 227 226 72
225 3 2 5 6 72 226 231 230
226 3 2 5 6 226 99 228 231
227 3 2 5 6 231 228 103 229
228 3 2 5 6 230 231 229 102
229 3 2 5 6 99 223 233 228
230 3 2 5 6 223 23 24 233
231 3 2 5 6 233 24 25 232
232 3 2 5 6 228 233 232 103
233 3 2 5 6 103 232 236 235
234 3 2 5 6 232 25 26 236
235 3 2 5 6 236 26 27 234
236 3 2 5 6 235 236 234 101
237 3 2 5 6 102 229 239 238
238 3 2 5 6 229 103 235 239
239 3 2 5 6 239 235 101 237
240 3 2 5 6 238 239 237 71
241 3 2 5 6 66 216 242 142
242 3 2 5 6 216 97 240 242
243 3 2 5 6 242 240 105 241
244 3 2 5 6 142 242 241 80
245 3 2 5 6 97 213 244 240
246 3 2 5 6 213 72 230 244
247 3 2 5 6 244 230 102 243
248 3 2 5 6 240 244 243 105
249 3 2 5 6 105 243 247 246
250 3 2 5 6 243 102 238 247
251 3 2 5 6 247 238 71 245
252 3 2 5 6 246 247 245 104
253 3 2 5 6 80 241 249 145
254 3 2 5 6 241 105 246 249
255 3 2 5 6 249 246 104 248
256 3 2 5 6 145 249 248 65
257 3 2 5 6 65 248 252 177
258 3 2 5 6 248 104 250 252
259 3 2 5 6 252 250 108 251
260 3 2 5 6 177 252 251 89
261 3 2 5 6 104 245 255 250
262 3 2 5 6 245 71 253 255
263 3 2 5 6 255 253 106 254
264 3 2 5 6 250 255 254 108
265 3 2 5 6 108 254 259 258
266 3 2 5 6 254 106 256 259
267 3 2 5 6 259 256 73 257
268 3 2 5 6 258 259 257 107
269 3 2 5 6 89 251 261 180
270 3 2 5 6 251 108 258 261
271 3 2 5 6 261 258 107 260
272 3 2 5 6 180 261 260 69
273 3 2 5 6 71 237 264 253
274 3 2 5 6 237 101 262 264
275 3 2 5 6 264 262 110 263
276 3 2 5 6 253 264 263 106
277 3 2 5 6 101 234 266 262
278 3 2 5 6 234 27 28 266
279 3 2 5 6 266 28 29 265
280 3 2 5 6 262 266 265 110
281 3 2 5 6 110 265 269 268
282 3 2 5 6 265 29 30 269
283 3 2 5 6 269 30 31 267
284 3 2 5 6 268 269 267 109
285 3 2 5 6 106 263 271 256
286 3 2 5 6 263 110 268 271
287 3 2 5 6 271 268 109 270
288 3 2 5 6 256 271 270 73
289 3 2 5 6 73 270 275 274
290 3 2 5 6 270 109 272 275
291 3 2 5 6 275 272 112 273
292 3 2 5 6 274 275 273 111
293 3 2 5 6 109 267 277 272
294 3 2 5 6 267 31 32 277
295 3 2 5 6 277 32 33 276
296 3 2 5 6 272 277 276 112
297 3 2 5 6 112 276 279 278
298 3 2 5 6 276 33 34 279
299 3 2 5 6 279 34 3 35
300 3 2 5 6 278 279 35 36
301 3 2 5 6 111 273 281 280
302 3 2 5 6 273 112 278 281
303 3 2 5 6 281 278 36 37
304 3 2 5 6 280 281 37 38
305 3 2 5 6 69 260 284 190
306 3 2 5 6 260 107 282 284
307 3 2 5 6 284 282 113 283
308 3 2 5 6 190 284 283 92
309 3 2 5 6 107 257 286 282
310 3 2 5 6 257 73 274 286
311 3 2 5 6 286 274 111 285
312 3 2 5 6 282 286 285 113
313 3 2 5 6 113 285 288 287
314 3 2 5 6 285 111 280 288
315 3 2 5 6 288 280 38 39
316 3 2 5 6 287 288 39 40
317 3 2 5 6 92 283 289 193
318 3 2 5 6 283 113 287 289
319 3 2 5 6 289 287 40 41
320 3 2 5 6 193 289 41 42
$EndElements
