1. 0. 0.
0. 1. 0.
0. 0. 1.
0. 0. 0.



 .0              1.  .0
-.7071067811865  0.  .7071067811865
 .7071067811865  0.  .7071067811865
 0. .0  0.
//teste 1 quadrilatero ou 1 triangulo


 0. -.7071067811865  .7071067811865
1.  0.  0.
0.  .7071067811865 .7071067811865
0. 0. 0.
//transposta da outra (inversa)






-.7071067811865  .7071067811865  .0
-.4082482904639 -.4082482904639  .8164965809277
 .5773502691896  .5773502691896  .5773502691896
 0. 0. 0.
 //teste do triangulo


